(1.0,-4.0) 409.92145
(2.0,-4.0) 182.79372
(3.0,-4.0) 342.4847
(4.0,-4.0) 426.86694
(6.0,-4.0) 309.51935
(0.0,-4.0) 375.5769
(7.0,-4.0) 460.07413
(5.0,-4.0) 443.18826 

(3.0,-4.0) 423.68668
(2.0,-4.0) 180.46275
(1.0,-4.0) 407.01138
(6.0,-4.0) 297.23712
(0.0,-3.0) 114.4269
(4.0,-4.0) 147.5029
(0.0,-4.0) 373.53085
(5.0,-4.0) 440.40424
(7.0,-4.0) 457.26758

(4.0,-4.0) 429.47812
(2.0,-4.0) 413.52563
(6.0,-4.0) 445.28165
(3.0,-4.0) 346.78555
(1.0,-4.0) 396.4745
(0.0,-4.0) 380.0503
(5.0,-4.0) 313.6334
(7.0,-4.0) 462.58838

(4.0,-4.0) 159.34859
(2.0,-4.0) 176.03152
(6.0,-4.0) 441.331
(3.0,-4.0) 425.33743
(1.0,-4.0) 408.6782
(0.0,-4.0) 375.6323
(5.0,-4.0) 142.55423
(7.0,-4.0) 457.97995